20	73437	6163436	5
20	6163437	8683436	1
20	8963437	9243436	1
20	9243437	11623436	5
20	12673437	14213436	5
20	14213437	14423436	8
20	14423437	16453436	1
20	16453437	17153436	5
20	17153437	17433436	13
20	17433437	18413436	1
20	18413437	21983436	5
20	21983437	22473436	13
20	22473437	23173436	1
20	23173437	23733436	13
20	23733437	25413436	5
20	25413437	25763436	1
20	25763437	26603436	5
20	26603437	26813436	1
20	26813437	33673436	5
20	33673437	34653436	1
20	34653437	50753436	5
20	50893437	52363436	5
20	52363437	53343436	1
20	53343437	55303436	5
17	35734	1855733	5
17	1855734	2135733	3
17	2135734	8575733	5
17	8575734	8645733	10
17	8645734	8715733	8
17	8715734	19145733	5
17	19145734	24395733	10
17	24395734	24745733	8
17	24745734	24955733	5
17	24955734	25305733	8
17	25305734	25655733	5
17	25655734	26425733	10
17	26425734	26705733	5
17	26705734	27615733	8
17	27755734	28315733	8
17	28315734	32025733	5
17	32025734	32515733	10
17	32515734	39235733	5
17	39235734	39445733	10
17	39585734	42385733	5
17	42385734	42595733	10
17	42595734	43365733	5
17	43365734	43645733	13
17	43645734	43785733	10
17	43785734	47005733	5
17	47425734	53935733	5
16	56225	1666224	8
16	1666225	1876224	5
16	2016225	2506224	10
16	2506225	3486224	5
16	3486225	3556224	8
16	3556225	4326224	5
16	4326225	4536224	8
16	4536225	4746224	5
16	4746225	5726224	8
16	5726225	6006224	5
16	6006225	6286224	9
16	6286225	6636224	5
16	6636225	8596224	8
16	8596225	8876224	5
16	8876225	12376224	8
16	12376225	12586224	9
16	12586225	15246224	8
16	15246225	15316224	4
16	15316225	16366224	8
16	16576225	34426224	8
16	34426225	35336224	5
16	35336225	37436224	8
16	37856225	38696224	8
16	38696225	38766224	1
16	39116225	40236224	8
16	40236225	40516224	5
16	40516225	42406224	8
16	42406225	42896224	5
16	42896225	51156224	8
16	51506225	55286224	8
16	55286225	55776224	3
16	55776225	58786224	8
19	53332	3973331	8
19	3973332	4253331	1
19	4253332	5233331	8
19	5233332	5933331	4
19	5933332	6073331	13
19	6073332	6423331	4
19	6423332	6633331	8
19	6633332	7123331	9
19	7123332	13703331	8
19	13703332	14053331	3
19	14053332	16013331	8
19	16363332	17623331	8
19	17623332	17833331	1
19	17833332	18253331	4
19	18253332	23783331	8
19	23783332	23993331	1
19	23993332	29103331	8
19	29103332	29173331	2
19	29453332	33233331	8
19	33233332	33513331	1
19	33513332	37993331	8
19	38413332	45973331	8
19	46533332	47303331	12
19	47303332	50243331	8
9	38510	388509	2
9	388510	15018509	6
9	15368510	20338509	6
9	20828510	23348509	6
9	23348510	23488509	1
9	23488510	27478509	6
9	28108510	36368509	6
9	36648510	48128509	6
9	48268510	54638509	6
9	54638510	54848509	8
9	55058510	56248509	6
9	56248510	56598509	11
9	56598510	58208509	6
13	36073	8576072	10
13	8576073	8926072	13
13	8926073	11936072	10
13	11936073	14386072	13
13	14386073	14456072	3
13	14456073	15296072	13
13	15296073	16066072	5
13	16066073	21036072	10
13	21316073	26426072	10
13	26636073	31606072	10
13	31606073	33706072	5
13	33706073	34406072	10
13	34616073	36226072	10
13	36226073	38116072	5
13	38116073	42106072	10
13	42246073	44416072	10
13	44416073	45606072	5
13	45606073	46866072	8
13	46866073	47356072	10
13	47356073	47706072	5
13	47706073	51766072	10
13	51766073	52536072	7
13	52536073	53236072	10
13	53236073	53516072	11
13	53516073	54076072	10
12	45197	2355196	4
12	2355197	3475196	10
12	3475197	5435196	4
12	5435197	5785196	10
12	5785197	6275196	4
12	6275197	6555196	10
12	6555197	6765196	4
12	6765197	9985196	10
12	9985197	12365196	4
12	12365197	13555196	10
12	13765197	14115196	10
12	14115197	14185196	7
12	14185197	14745196	1
12	14745197	15305196	4
12	15305197	15445196	1
12	15445197	17265196	4
12	17265197	18525196	10
12	18525197	23705196	4
12	23705197	24195196	13
12	24195197	25385196	1
12	25385197	27835196	10
12	27835197	30705196	4
12	30705197	31125196	10
12	31335197	33365196	10
12	33365197	34205196	4
12	34695197	35255196	4
12	35255197	36375196	10
12	36375197	39385196	4
12	39805197	40715196	4
12	40995197	41625196	1
12	41835197	42815196	1
12	42815197	43305196	10
12	43305197	43655196	1
12	43655197	45895196	10
12	45895197	46315196	4
12	46315197	47085196	10
12	47365197	47855196	4
12	47855197	50655196	10
1	38846	3748845	6
1	3888846	5848845	6
1	6198846	6828845	6
1	6828846	9068845	4
1	9068846	9558845	13
1	9558846	9698845	11
1	9698846	10188845	6
1	10188846	10538845	5
1	10538846	11098845	4
1	11098846	14668845	13
1	14878846	21038845	13
1	21038846	21108845	3
1	21108846	26078845	13
1	26078846	26428845	3
1	26428846	29158845	6
1	29158846	29438845	1
1	29438846	30068845	6
1	30068846	30418845	10
1	30418846	30838845	2
1	30838846	31468845	10
1	31468846	32448845	6
1	32588846	34688845	6
1	34898846	37558845	13
1	37908846	39588845	13
1	39868846	42668845	13
1	42878846	43508845	3
1	43788846	45748845	13
1	45748846	46378845	4
1	46378846	48058845	6
1	48058846	50228845	10
1	50228846	51348845	13
1	51348846	52258845	10
1	52258846	52958845	4
1	52958846	53938845	13
1	53938846	54568845	10
1	54568846	55198845	4
1	55198846	55618845	10
1	55618846	56388845	4
1	56388846	56598845	11
1	56598846	57088845	4
1	57088846	57368845	11
1	57368846	58348845	4
1	58908846	59328845	7
1	59328846	59398845	4
1	59398846	59468845	2
1	59468846	60308845	4
3	43312	1373311	4
3	1583312	3543311	4
3	3753312	4663311	4
3	4803312	7323311	4
3	7883312	9073311	4
3	9073312	9423311	6
3	9633312	20273311	4
3	20273312	20413311	2
3	20413312	50443311	4
3	50443312	50793311	11
3	50793312	51423311	4
3	51913312	52683311	4
3	52823312	57163311	4
3	57303312	63183311	4
14	37701	597700	13
14	597701	1087700	11
14	1087701	1367700	13
14	1367701	3747700	11
14	3747701	6197700	13
14	6197701	13127700	11
14	13407701	14737700	11
14	14737701	15227700	13
14	15227701	15787700	11
14	16347701	16977700	11
14	17117701	17677700	11
14	17677701	17887700	9
14	17887701	18867700	11
14	18867701	19217700	13
14	19217701	20617700	11
14	20897701	21947700	11
14	21947701	22297700	13
14	22297701	23767700	11
14	23767701	23837700	13
14	23837701	29857700	11
14	29857701	29927700	7
14	29927701	30417700	11
14	30417701	31467700	13
14	31467701	36787700	11
14	36787701	37837700	13
14	37837701	38117700	12
14	38117701	39167700	11
14	39797701	40847700	11
14	41687701	43367700	11
14	43367701	43857700	13
14	44137701	44767700	13
14	44907701	45467700	13
14	45467701	45537700	11
14	45537701	46167700	13
14	46517701	47147700	13
14	47147701	47287700	7
14	47287701	47987700	11
14	47987701	48477700	13
14	48477701	48967700	11
14	48967701	50297700	13
14	50437701	51207700	13
14	51207701	52887700	11
14	52887701	53097700	13
14	53097701	53587700	11
14	53587701	53727700	13
15	38557	3958556	9
15	3958557	4168556	1
15	4168557	5218556	9
15	5218557	5288556	1
15	5288557	7668556	9
15	7808557	9908556	9
15	10048557	11028556	9
15	12008557	17468556	9
15	17748557	33428556	9
15	33428557	34198556	8
15	34198557	34828556	9
15	34828557	35668556	1
15	35668557	36718556	8
15	36718557	37348556	9
15	38258557	38468556	8
15	38468557	38608556	9
15	38608557	39098556	1
15	39098557	40078556	9
15	40078557	40358556	1
15	40358557	41478556	9
15	41478557	41618556	1
15	41618557	43648556	9
15	43648557	43718556	11
15	43718557	44768556	9
15	44768557	44838556	1
15	44838557	45748556	9
15	45748557	46098556	1
15	46098557	47428556	9
10	35042	455041	9
10	455042	12425041	3
10	12425042	12705041	13
10	12705042	13755041	3
10	13965042	21105041	3
10	21105042	22435041	11
10	22435042	23135041	13
10	23135042	23835041	9
10	24185042	25515041	9
10	25515042	25585041	10
10	25585042	27055041	9
10	27055042	27755041	11
10	27755042	28175041	9
10	28385042	41825041	9
10	41825042	46585041	3
21	41014	6341013	3
21	6341014	6411013	7
21	6411014	10821013	3
21	10961014	14741013	3
21	15231014	17191013	3
21	17471014	19991013	3
21	19991014	21321013	9
21	21321014	21531013	3
21	21531014	22581013	9
21	23561014	25521013	9
21	25521014	27411013	11
21	27551014	29441013	11
21	29441014	30351013	9
21	30351014	37771013	11
21	37771014	39451013	9
21	39451014	44491013	11
5	69081	2029080	3
5	2029081	2379080	9
5	2379081	2729080	3
5	2729081	4409080	9
5	4409081	4619080	1
5	4619081	11339080	3
5	12109081	18899080	3
5	19249081	23239080	3
5	23239081	25479080	11
5	25479081	26039080	9
5	26039081	31499080	3
5	31499081	33039080	9
5	33039081	37169080	3
5	37169081	38149080	11
5	38149081	38709080	9
5	38709081	39199080	11
5	39199081	39829080	9
5	39829081	40319080	13
5	40319081	43469080	3
5	43469081	44239080	9
5	44239081	49069080	3
5	49489081	51099080	3
5	51239081	53829080	3
5	54459081	57399080	3
5	57399081	58029080	9
5	58029081	58869080	3
5	58869081	61599080	9
5	62019081	62649080	9
5	62649081	63279080	3
5	63279081	63979080	13
5	63979081	64049080	3
5	64049081	66499080	9
5	66499081	69789080	3
5	69789081	69999080	11
5	69999081	70559080	3
5	70559081	70909080	9
5	70909081	71049080	1
5	71049081	71399080	11
5	71399081	71539080	13
5	71539081	73779080	3
5	74059081	75599080	3
8	41092	5711091	3
8	5711092	6201091	9
8	6201092	7391091	3
8	7391092	11171091	2
8	11171092	11451091	3
8	11451092	11941091	2
8	11941092	13481091	3
8	13481092	13691091	4
8	13691092	14111091	1
8	14111092	14391091	13
8	14391092	14811091	2
8	14811092	17261091	1
8	17261092	17961091	3
8	17961092	18101091	2
8	18101092	21601091	1
8	21601092	29791091	2
8	29791092	34621091	3
8	34901092	37841091	3
8	37841092	38751091	2
8	38751092	40011091	3
8	41271092	48201091	3
8	48201092	51701091	2
8	51701092	55131091	3
8	55131092	56181091	2
7	275958	555957	10
7	555958	1395957	13
7	1395958	1955957	7
7	2445958	3075957	1
7	3845958	4825957	1
7	5945958	6085957	8
7	6085958	6715957	1
7	6995958	7485957	1
7	7485958	7625957	13
7	7625958	8115957	11
7	8115958	8815957	13
7	8815958	9305957	1
7	9305958	9725957	3
7	9725958	18265957	7
7	18475958	18755957	11
7	18755958	19035957	13
7	19035958	19525957	11
7	19525958	21275957	13
7	21275958	21695957	9
7	21695958	24355957	13
7	24355958	25055957	11
7	25055958	25475957	1
7	25475958	26035957	13
7	26035958	26385957	11
7	26385958	26595957	13
7	26595958	26665957	3
7	26665958	26945957	11
7	26945958	27575957	13
7	27575958	27785957	9
7	27785958	41015957	7
7	41015958	41295957	13
7	41295958	42275957	1
7	42275958	43395957	7
7	43395958	44375957	1
7	44375958	46405957	7
7	47315958	49065957	7
7	49275958	52215957	7
7	52215958	53195957	13
7	53195958	58865957	7
7	58865958	59215957	13
7	59215958	60055957	1
7	60055958	60895957	13
7	60895958	61175957	11
7	61175958	63345957	13
7	63835958	64465957	13
7	65025958	65655957	1
7	65655958	66145957	13
7	66145958	71115957	7
7	71115958	71675957	10
7	71815958	72095957	7
7	72095958	74125957	13
7	74125958	74615957	1
7	74615958	74965957	3
7	74965958	75105957	13
7	75105958	75455957	1
7	75455958	76015957	7
7	76015958	76085957	1
7	76085958	76435957	13
7	76435958	76925957	1
7	76925958	77065957	13
18	35003	1925002	7
18	1925003	3185002	9
18	3815003	4165002	9
18	4165003	5285002	7
18	5285003	6405002	12
18	6405003	6475002	9
18	6475003	7385002	12
18	7385003	7455002	9
18	7455003	12355002	12
18	12355003	14455002	7
18	14455003	16205002	12
18	16205003	20195002	7
18	20195003	20545002	12
18	20545003	31325002	7
18	31325003	36015002	9
18	36015003	38815002	7
18	38815003	43295002	9
18	43295003	44345002	7
18	44345003	46095002	9
18	46375003	48545002	9
18	48545003	49875002	7
25	53278	263277	12
25	263278	753277	7
25	753278	1033277	12
25	1033278	1523277	7
25	1523278	2573277	12
25	2573278	3273277	7
25	3273278	3693277	12
25	3693278	5373277	7
25	5373278	6073277	12
25	6073278	9573277	7
25	10343278	11323277	7
25	11883278	16783277	7
25	16783278	17553277	12
25	17553278	18253277	7
25	18253278	19583277	12
25	19583278	20003277	7
25	20003278	20983277	12
25	20983278	21263277	7
25	21263278	22523277	12
25	22523278	27913277	7
25	27913278	29803277	12
25	29803278	30433277	7
25	30433278	30853277	12
25	30853278	38483277	7
4	51577	261576	5
4	261577	401576	12
4	401577	751576	5
4	751577	5441576	12
4	5441577	5651576	5
4	5651577	23151576	12
4	23851577	28051576	12
4	29311577	29871576	13
4	29871577	30011576	3
4	32321577	32951576	2
4	42401577	43031576	12
4	46671577	47301576	3
4	53181577	53811576	7
4	58711577	59131576	10
4	59131577	60741576	12
4	60951577	61581576	7
4	61721577	62071576	12
23	120116	1100115	2
23	1100116	1240115	13
23	1240116	1450115	5
23	1450116	1870115	1
23	1870116	2290115	13
23	2290116	2430115	5
23	2430116	12860115	2
23	12860116	13070115	3
23	13070116	15520115	2
23	15800116	31270115	2
23	31270116	32110115	5
23	32110116	33090115	2
23	33230116	35260115	2
23	35260116	35680115	5
23	35680116	40230115	2
23	40230116	40440115	1
23	40440116	40930115	5
23	40930116	41140115	1
23	41140116	41420115	7
23	41420116	42120115	2
23	42120116	43380115	1
23	43380116	43870115	2
23	43870116	44920115	13
23	44920116	45270115	1
23	45270116	45550115	13
23	45550116	45620115	9
23	45620116	45760115	1
23	45760116	46320115	13
11	57175	4607174	2
11	4747175	5307174	2
11	5307175	9087174	1
11	9367175	10697174	1
11	10697175	11187174	6
11	11187175	11327174	7
11	11327175	11467174	10
11	11467175	11887174	13
11	11887175	12587174	4
11	12587175	13007174	6
11	13007175	13077174	13
11	13077175	15457174	1
11	15457175	21127174	2
11	21127175	21687174	3
11	21687175	30437174	2
11	30437175	31347174	6
11	31347175	31767174	10
11	31767175	32257174	4
11	32257175	32327174	10
11	32327175	33727174	6
11	33867175	34427174	9
11	34427175	34847174	6
11	34847175	35267174	1
11	35267175	38347174	2
11	38347175	38697174	3
11	38697175	40727174	2
11	41147175	43947174	2
11	43947175	44717174	10
11	44717175	45347174	6
11	45347175	45767174	10
11	45767175	45837174	4
11	45837175	46117174	10
11	46117175	46327174	1
11	46327175	46607174	4
6	35001	805000	4
6	805001	1295000	6
6	1295001	2135000	2
6	2135001	3395000	1
6	3395001	5145000	6
6	5915001	6755000	10
6	6755001	7315000	6
6	7315001	7525000	2
6	7525001	7735000	4
6	7735001	9135000	6
6	9135001	9835000	4
6	9835001	16275000	6
6	16275001	19915000	4
6	19915001	21455000	1
6	21455001	22155000	4
6	22155001	22925000	6
6	22925001	23275000	4
6	23275001	24325000	2
6	24325001	24465000	4
6	25375001	36575000	1
6	36575001	36855000	6
6	36855001	37275000	1
6	37275001	38605000	6
6	38605001	45185000	2
6	45535001	47285000	2
6	47495001	50995000	2
6	51205001	53655000	2
6	53795001	59325000	2
6	59325001	59605000	6
6	59605001	59955000	2
22	35078	1155077	2
22	1155078	1575077	1
22	1855078	2345077	1
22	2345078	2625077	2
22	2625078	2905077	6
22	2905078	5285077	1
22	5285078	6055077	2
22	6685078	7315077	2
22	7525078	8155077	1
22	9135078	9765077	2
22	9905078	10885077	2
22	10885078	11235077	1
22	11235078	11515077	6
22	11515078	11655077	4
22	11655078	13545077	6
22	13685078	14665077	6
22	14665078	15365077	4
22	15365078	25305077	1
22	25305078	25725077	10
22	25725078	25935077	9
22	25935078	26145077	10
22	26145078	27685077	4
22	27685078	28105077	10
22	29645078	30695077	6
22	31045078	31325077	6
22	31325078	31465077	10
22	31465078	32025077	4
22	32025078	33145077	10
22	33145078	35455077	2
22	35805078	36575077	2
22	36925078	37415077	2
22	37415078	38045077	10
22	38045078	41405077	1
22	41405078	41545077	5
22	41545078	41965077	1
22	41965078	42245077	2
24	35312	1505311	1
24	1925312	2205311	9
24	2205312	12215311	1
24	12215312	12285311	8
24	12285312	16415311	1
24	16415312	16975311	4
24	16975312	18235311	1
24	18585312	24675311	1
24	24675312	24815311	9
24	24815312	32025311	1
24	32305312	35665311	1
24	35665312	36365311	11
24	36365312	37765311	1
24	37765312	41335311	4
24	41335312	43925311	1
2	54233	15594232	1
2	15734233	19724232	1
2	19934233	34214232	1
2	34424233	39534232	1
2	39534233	39674232	9
2	39674233	40934232	1
2	41284233	42894232	1
2	42894233	43104232	8
2	43104233	46744232	1
2	46744233	47234232	3
2	47234233	47864232	9
2	47864233	48354232	1
2	48354233	48774232	9
2	49054233	60254232	1
