XVIII	20524	1607523	6
XVIII	1676524	2320523	6
XVIII	2389524	3677523	6
XVIII	3792524	3999523	6
XVIII	4045524	5264523	6
XVIII	5333524	5379523	8
XVIII	5379524	5655523	6
XVIII	5724524	14073523	6
XVIII	14073524	14096523	11
XVIII	14096524	16281523	6
XV	11540	379539	6
XV	379540	494539	2
XV	494540	563539	1
XV	563540	724539	2
XV	724540	1069539	6
XV	1115540	1437539	2
XV	1437540	1690539	6
XV	1690540	1782539	2
XV	1782540	2909539	6
XV	2909540	3093539	9
XV	3139540	3668539	6
XV	3668540	3760539	11
XV	3760540	4036539	6
XV	4036540	4450539	9
XV	4450540	5485539	6
XV	5485540	5554539	2
XV	5554540	7003539	6
XV	7003540	7164539	9
XV	7164540	7325539	6
XV	7325540	7923539	9
XV	7923540	8429539	1
XV	8429540	8613539	7
XV	8613540	9717539	6
XV	9717540	10430539	1
XV	10430540	12385539	6
XV	12385540	12477539	9
XV	12477540	12684539	6
XV	12937540	13512539	6
XV	13627540	13949539	6
XV	14018540	15053539	6
XV	15306540	15467539	6
XV	15467540	15559539	2
XV	15559540	16203539	6
XX	31171	1112170	9
XX	1204171	2308170	9
XX	2308171	2354170	6
XX	2354171	3113170	9
XX	3113171	3596170	6
XX	3596171	4286170	9
XX	4286171	4355170	4
XX	4355171	5390170	9
XX	5390171	5574170	6
XX	5574171	11209170	9
XX	11209171	11278170	10
XX	11278171	12267170	9
XX	12267171	12428170	5
XX	12428171	14107170	9
XX	14107171	14245170	1
XX	14245171	17971170	9
XX	17971171	18201170	6
XX	18201171	18270170	5
XX	18270171	18477170	6
XX	18523171	18799170	6
XX	18799171	19535170	9
XX	19604171	19696170	6
X	21044	228043	9
X	481044	688043	7
X	941044	1148043	10
X	1148044	4092043	9
X	4161044	5656043	9
X	5817044	10302043	9
X	10394044	10923043	9
X	11038044	15592043	9
XVI	23455	736454	7
XVI	1288455	4301454	7
XVI	4370455	4646454	7
XVI	4807455	5244454	7
XVI	5405455	6808454	7
XVI	6854455	12627454	7
XVI	12673455	14605454	7
XVI	14743455	15548454	7
XVI	15640455	17020454	7
XVI	17135455	18101454	7
VI	22414	390413	11
VI	390414	482413	7
VI	482414	620413	8
VI	620414	5611413	11
VI	5726414	6692413	11
VI	6784414	10165413	11
VI	10257414	11913413	11
VI	11913414	12051413	7
VI	12051414	13132413	11
VI	13132414	13224413	6
VI	13224414	14489413	11
VI	14489414	14696413	7
VI	14880414	15455413	11
VI	15455414	15662413	7
VI	15662414	15777413	6
VI	15777414	15846413	11
VI	15984414	16076413	8
VI	16076414	16237413	7
VI	16237414	16260413	8
VI	16260414	16283413	7
VI	16283414	16306413	8
VI	16306414	16329413	7
VI	16329414	17065413	11
V	40807	63806	11
V	63807	178806	5
V	178807	2110806	11
V	2110807	2432806	5
V	2432807	2570806	11
V	2570807	2800806	5
V	2938807	3651806	5
V	3651807	3766806	11
V	3766807	3812806	5
V	3812807	3904806	11
V	3904807	4824806	5
V	4824807	4962806	11
V	4962807	5905806	5
V	5905807	5997806	11
V	5997807	7354806	5
V	7423807	7699806	11
V	7699807	8320806	5
V	8320807	8987806	11
V	8987807	11747806	5
V	11747807	11977806	11
V	11977807	12138806	5
V	12138807	12253806	11
IX	63759	247758	2
IX	247759	316758	4
IX	316759	615758	2
IX	615759	1029758	5
IX	1167759	2248758	2
IX	2248759	2547758	11
IX	2685759	2892758	11
IX	2938759	3398758	2
IX	3858759	4295758	2
IX	4295759	5330758	5
IX	5330759	7699758	2
IX	7699759	7768758	4
IX	7768759	9033758	2
IX	9148759	9286758	4
IX	9286759	9861758	2
IX	9861759	9953758	11
IX	9953759	10689758	5
IX	10689759	10919758	11
IX	10919759	10988758	5
IX	10988759	11080758	11
IX	11080759	11609758	2
IX	11770759	11977758	2
IX	12092759	12552758	2
IX	12552759	13058758	5
IX	13058759	13748758	2
IX	13748759	13817758	5
IX	13817759	14231758	11
IX	14231759	15933758	5
IX	15933759	16002758	11
IX	16002759	18187758	5
IX	18187759	19429758	11
IX	19429759	19475758	5
IX	19475759	19544758	11
IX	19544759	19912758	5
IX	19912759	20234758	11
XI	17063	4410062	5
XI	4456063	16715062	5
IV	15402	590401	2
IV	728402	1648401	2
IV	1694402	7007401	2
IV	7352402	7628401	2
IV	7743402	8640401	2
IV	8732402	9882401	2
IV	9928402	13677401	2
IV	13746402	14689401	2
IV	14781402	15333401	2
IV	15425402	17127401	2
IV	17541402	17817401	2
IV	17817402	20485401	12
IV	20554402	21060401	12
IV	21152402	22532401	12
IV	22532402	22716401	2
IV	22716402	23429401	12
IV	23429402	23475401	4
IV	23475402	25959401	12
IV	25959402	26741401	2
IV	27477402	27960401	2
IV	28236402	28328401	2
IV	28328402	29179401	12
IV	29294402	30283401	12
IV	30352402	32583401	12
VII	12952	1346951	2
VII	1346952	2059951	1
VII	2059952	2128951	9
VII	2128952	2174951	1
VII	2174952	2841951	2
VII	2841952	3048951	1
VII	3048952	3577951	2
VII	3761952	3991951	2
VII	3991952	4175951	10
VII	4175952	4290951	2
VII	4290952	4359951	10
VII	4359952	4658951	2
VII	4658952	4704951	7
VII	4704952	5440951	2
VII	5440952	5693951	4
VII	5785952	6337951	2
VII	6498952	8269951	2
VII	8407952	9120951	2
VII	9166952	9557951	2
VII	10040952	10316951	2
VII	10316952	11282951	10
VII	11374952	13743951	10
VII	13904952	15307951	10
VII	15307952	15859951	2
VII	15859952	16503951	10
VII	16710952	17285951	2
VII	17285952	17515951	10
VII	17515952	17630951	2
VII	17630952	17860951	10
VII	17860952	18090951	2
VII	18090952	18435951	10
VII	18435952	18987951	2
VII	18987952	21080951	10
VII	21126952	21747951	10
VII	21747952	22000951	2
VII	22000952	22184951	10
VII	22184952	22299951	1
VII	22299952	22322951	10
VII	22322952	22460951	2
VII	22460952	22598951	10
VII	22598952	23955951	2
VII	23955952	24346951	10
VII	24806952	25266951	10
VII	25266952	25772951	2
VII	25818952	26025951	2
VII	26094952	26485951	2
VII	26485952	27198951	10
VII	27198952	27635951	2
VII	27635952	27750951	10
VII	27750952	27911951	2
I	13598	1508597	10
I	1508598	1807597	1
I	1807598	2451597	10
I	2543598	2635597	7
I	2635598	4728597	10
I	4728598	4866597	1
I	4866598	4912597	10
I	4912598	4935597	1
I	4981598	5602597	10
I	5602598	5763597	1
I	5763598	7718597	10
I	7718598	7810597	12
I	7810598	8224597	10
I	8270598	11214597	10
I	11306598	12663597	10
I	13031598	17608597	10
I	17861598	18896597	10
I	18965598	19172597	10
I	19448598	19885597	10
I	19885598	20828597	7
I	20828598	20920597	6
I	20920598	21288597	7
I	21403598	21748597	7
I	21748598	21863597	6
I	21863598	23404597	7
I	23404598	23473597	6
I	23473598	23979597	7
I	24071598	24370597	7
I	24508598	24830597	7
I	24899598	25060597	1
I	25060598	26233597	7
I	26348598	27038597	7
I	27038598	27199597	8
I	27199598	28142597	7
XIV	13112	9489111	4
XIV	9489112	9604111	2
XIV	9604112	9857111	4
XIV	9926112	10041111	11
XIV	10041112	12134111	4
XIV	12364112	12571111	4
XIV	12617112	13583111	4
XIV	13652112	15170111	4
XIII	22558	3219557	4
XIII	3219558	3265557	3
XIII	3265558	5312557	4
XIII	5381558	6692557	4
XIII	6761558	7750557	4
XIII	7842558	10809557	4
XIII	10947558	15064557	4
XIII	15225558	20078557	4
II	21805	1079804	8
II	1263805	1700804	8
II	1792805	2068804	8
II	2160805	2528804	8
II	2528805	2574804	7
II	2574805	2758804	8
II	2988805	3126804	8
II	3126805	3172804	4
II	3172805	3977804	8
II	4069805	5035804	8
II	5035805	5127804	6
II	5127805	5978804	8
II	5978805	6783804	7
II	7013805	7243804	7
II	7289805	7496804	7
II	7496805	7542804	10
II	7542805	8186804	7
II	8186805	10877804	8
II	10992805	12418804	8
II	12487805	12970804	8
II	12970805	13016804	11
II	13016805	13154804	6
II	13269805	13683804	11
II	13683805	14511804	6
II	14511805	14695804	8
II	14695805	14879804	6
II	14879805	18168804	8
II	18214805	21733804	8
II	21733805	21825804	6
II	21825805	23297804	8
XIX	22486	1954485	8
XIX	2000486	2322485	8
XIX	2322486	2345485	5
XIX	2345486	2506485	8
XIX	2506486	2529485	5
XIX	2529486	3863485	8
XIX	4024486	4438485	8
XIX	4438486	6209485	12
XIX	6209486	8693485	8
XIX	8693486	8831485	12
XIX	8831486	9567485	8
XIX	9567486	10027485	12
XIX	10027486	10096485	8
XIX	10096486	10625485	12
XIX	10625486	10717485	8
XIX	10717486	11039485	12
XIX	11039486	11315485	8
XIX	11315486	11890485	12
XIX	11890486	14788485	8
XIX	14788486	15409485	12
XIX	15409486	15570485	8
XIX	15570486	16881485	12
XIX	16881486	17755485	8
XIX	17755486	18422485	12
XIX	18468486	18859485	12
XIX	18859486	19158485	8
XIX	19388486	19503485	12
XIX	19503486	20216485	8
XII	82357	3325356	3
XII	3463357	4636356	3
XII	4981357	14043356	3
XII	14112357	16320356	3
XII	16366357	17102356	3
XII	17102357	17125356	4
XII	17125357	17608356	3
XII	17608357	17700356	5
XII	17700357	17815356	4
XII	17815357	18344356	3
XVII	17504	7538503	3
XVII	7676504	7837503	2
XVII	7837504	8228503	4
XVII	8320504	8619503	4
XVII	8619504	8757503	2
XVII	8757504	12920503	3
XVII	13012504	13334503	3
XVII	13380504	14599503	3
VIII	25689	4188688	1
VIII	4257689	9984688	1
VIII	10122689	11134688	1
VIII	11180689	12284688	1
VIII	12353689	17666688	1
VIII	17666689	18287688	7
VIII	18287689	18517688	2
VIII	18517689	18609688	1
VIII	18609689	18839688	2
VIII	18839689	19368688	1
XXI	139973	415972	1
XXI	461973	944972	1
XXI	1197973	3198972	1
XXI	3681973	4072972	1
XXI	4164973	7729972	1
XXI	7729973	7775972	7
XXI	7775973	11708972	1
III	45821	137820	7
III	137821	275820	1
III	275821	459820	7
III	459821	2644820	1
III	2644821	2736820	10
III	2736821	3380820	1
III	3472821	3679820	1
III	3725821	4691820	1
III	4760821	6554820	1
III	6554821	6669820	9
III	6669821	7842820	1
III	7842821	8026820	7
III	8026821	11683820	1
III	11729821	11959820	1
III	12028821	14627820	1
III	14742821	15363820	1
III	15685821	16789820	1
